--- Original DRESS ---

Test Data :  [  0   3   9  17  29  31  34  38  39  40  41  47  49  62  65  66  67  69
  85  90  92 107 111 119 120 124 132 135 147 159 161 162 165 172 179 187
 189 192 197 214 218 223 225 232 242 244 250 255 257 260 261 268 273 274
 285 289 292 293 306 307 308 312 323 326 334 335 345 347 349 350 355 361
 362 363 365 370 373 379 394 404 409 411 412 413 419 421 425 435 439 443
 446 453 457 458 462 464 465 479 485 487 492 493 502 516 527 529 530 535
 539 543 550 552 553 554 558 569 578]

Train Data: [  1   2   4   5   6   7   8  10  11  12  13  14  15  16  18  19  20  21
  22  23  24  25  26  27  28  30  32  33  35  36  37  42  43  44  45  46
  48  50  51  52  53  54  55  56  57  58  59  60  61  63  64  68  70  71
  72  73  74  75  76  77  78  79  80  81  82  83  84  86  87  88  89  91
  93  94  95  96  97  98  99 100 101 102 103 104 105 106 108 109 110 112
 113 114 115 116 117 118 121 122 123 125 126 127 128 129 130 131 133 134
 136 137 138 139 140 141 142 143 144 145 146 148 149 150 151 152 153 154
 155 156 157 158 160 163 164 166 167 168 169 170 171 173 174 175 176 177
 178 180 181 182 183 184 185 186 188 190 191 193 194 195 196 198 199 200
 201 202 203 204 205 206 207 208 209 210 211 212 213 215 216 217 219 220
 221 222 224 226 227 228 229 230 231 233 234 235 236 237 238 239 240 241
 243 245 246 247 248 249 251 252 253 254 256 258 259 262 263 264 265 266
 267 269 270 271 272 275 276 277 278 279 280 281 282 283 284 286 287 288
 290 291 294 295 296 297 298 299 300 301 302 303 304 305 309 310 311 313
 314 315 316 317 318 319 320 321 322 324 325 327 328 329 330 331 332 333
 336 337 338 339 340 341 342 343 344 346 348 351 352 353 354 356 357 358
 359 360 364 366 367 368 369 371 372 374 375 376 377 378 380 381 382 383
 384 385 386 387 388 389 390 391 392 393 395 396 397 398 399 400 401 402
 403 405 406 407 408 410 414 415 416 417 418 420 422 423 424 426 427 428
 429 430 431 432 433 434 436 437 438 440 441 442 444 445 447 448 449 450
 451 452 454 455 456 459 460 461 463 466 467 468 469 470 471 472 473 474
 475 476 477 478 480 481 482 483 484 486 488 489 490 491 494 495 496 497
 498 499 500 501 503 504 505 506 507 508 509 510 511 512 513 514 515 517
 518 519 520 521 522 523 524 525 526 528 531 532 533 534 536 537 538 540
 541 542 544 545 546 547 548 549 551 555 556 557 559 560 561 562 563 564
 565 566 567 568 570 571 572 573 574 575 576 577 579 580 581 582]

ML CONS: [(131, 359), (406, 490), (46, 167), (116, 231), (149, 258), (20, 565), (566, 576), (252, 354), (185, 352), (297, 368)]
NL CONS: [(56, 19), (123, 44), (533, 191), (182, 83), (505, 163), (154, 71), (528, 186), (494, 157), (139, 58), (121, 43)]

Itteration no: 0

---------------------------------------------------------------------------------------

Test Data :  [  4   5   6  11  16  18  19  42  46  58  59  68  74  78  80  81  93 101
 102 104 110 115 117 121 128 133 139 142 146 157 160 168 173 180 186 195
 201 207 213 224 233 236 237 241 245 246 247 249 258 267 277 284 286 291
 305 311 314 328 339 341 344 346 375 376 378 385 388 395 396 400 403 406
 407 420 423 426 428 429 430 434 436 437 440 441 442 444 447 467 470 473
 476 483 488 494 498 499 500 501 505 506 510 514 517 524 525 526 531 540
 541 555 559 564 572 575 576 577 580]

Train Data: [  0   1   2   3   7   8   9  10  12  13  14  15  17  20  21  22  23  24
  25  26  27  28  29  30  31  32  33  34  35  36  37  38  39  40  41  43
  44  45  47  48  49  50  51  52  53  54  55  56  57  60  61  62  63  64
  65  66  67  69  70  71  72  73  75  76  77  79  82  83  84  85  86  87
  88  89  90  91  92  94  95  96  97  98  99 100 103 105 106 107 108 109
 111 112 113 114 116 118 119 120 122 123 124 125 126 127 129 130 131 132
 134 135 136 137 138 140 141 143 144 145 147 148 149 150 151 152 153 154
 155 156 158 159 161 162 163 164 165 166 167 169 170 171 172 174 175 176
 177 178 179 181 182 183 184 185 187 188 189 190 191 192 193 194 196 197
 198 199 200 202 203 204 205 206 208 209 210 211 212 214 215 216 217 218
 219 220 221 222 223 225 226 227 228 229 230 231 232 234 235 238 239 240
 242 243 244 248 250 251 252 253 254 255 256 257 259 260 261 262 263 264
 265 266 268 269 270 271 272 273 274 275 276 278 279 280 281 282 283 285
 287 288 289 290 292 293 294 295 296 297 298 299 300 301 302 303 304 306
 307 308 309 310 312 313 315 316 317 318 319 320 321 322 323 324 325 326
 327 329 330 331 332 333 334 335 336 337 338 340 342 343 345 347 348 349
 350 351 352 353 354 355 356 357 358 359 360 361 362 363 364 365 366 367
 368 369 370 371 372 373 374 377 379 380 381 382 383 384 386 387 389 390
 391 392 393 394 397 398 399 401 402 404 405 408 409 410 411 412 413 414
 415 416 417 418 419 421 422 424 425 427 431 432 433 435 438 439 443 445
 446 448 449 450 451 452 453 454 455 456 457 458 459 460 461 462 463 464
 465 466 468 469 471 472 474 475 477 478 479 480 481 482 484 485 486 487
 489 490 491 492 493 495 496 497 502 503 504 507 508 509 511 512 513 515
 516 518 519 520 521 522 523 527 528 529 530 532 533 534 535 536 537 538
 539 542 543 544 545 546 547 548 549 550 551 552 553 554 556 557 558 560
 561 562 563 565 566 567 568 569 570 571 573 574 578 579 581 582]

ML CONS: [(190, 503), (232, 523), (107, 232), (28, 545), (152, 528), (212, 465), (244, 342), (203, 327), (299, 553), (25, 452)]
NL CONS: [(177, 87), (569, 202), (21, 2), (393, 130), (231, 99), (218, 94), (167, 77), (398, 135), (151, 70), (459, 158)]

Itteration no: 1

---------------------------------------------------------------------------------------

Test Data :  [  1  12  13  14  23  27  51  61  70  73  82  88  89  91  95  98 100 105
 106 112 122 123 125 127 131 138 143 145 150 153 163 164 167 171 174 175
 185 188 191 204 206 208 216 221 226 228 229 230 238 239 256 265 270 272
 280 283 290 294 295 298 300 304 315 318 324 329 342 351 358 360 364 366
 368 374 382 383 386 392 402 408 410 414 417 422 424 427 438 448 449 450
 451 455 459 474 477 482 484 486 489 491 511 518 519 521 523 532 533 536
 538 547 548 551 560 565 570 574 582]

Train Data: [  0   2   3   4   5   6   7   8   9  10  11  15  16  17  18  19  20  21
  22  24  25  26  28  29  30  31  32  33  34  35  36  37  38  39  40  41
  42  43  44  45  46  47  48  49  50  52  53  54  55  56  57  58  59  60
  62  63  64  65  66  67  68  69  71  72  74  75  76  77  78  79  80  81
  83  84  85  86  87  90  92  93  94  96  97  99 101 102 103 104 107 108
 109 110 111 113 114 115 116 117 118 119 120 121 124 126 128 129 130 132
 133 134 135 136 137 139 140 141 142 144 146 147 148 149 151 152 154 155
 156 157 158 159 160 161 162 165 166 168 169 170 172 173 176 177 178 179
 180 181 182 183 184 186 187 189 190 192 193 194 195 196 197 198 199 200
 201 202 203 205 207 209 210 211 212 213 214 215 217 218 219 220 222 223
 224 225 227 231 232 233 234 235 236 237 240 241 242 243 244 245 246 247
 248 249 250 251 252 253 254 255 257 258 259 260 261 262 263 264 266 267
 268 269 271 273 274 275 276 277 278 279 281 282 284 285 286 287 288 289
 291 292 293 296 297 299 301 302 303 305 306 307 308 309 310 311 312 313
 314 316 317 319 320 321 322 323 325 326 327 328 330 331 332 333 334 335
 336 337 338 339 340 341 343 344 345 346 347 348 349 350 352 353 354 355
 356 357 359 361 362 363 365 367 369 370 371 372 373 375 376 377 378 379
 380 381 384 385 387 388 389 390 391 393 394 395 396 397 398 399 400 401
 403 404 405 406 407 409 411 412 413 415 416 418 419 420 421 423 425 426
 428 429 430 431 432 433 434 435 436 437 439 440 441 442 443 444 445 446
 447 452 453 454 456 457 458 460 461 462 463 464 465 466 467 468 469 470
 471 472 473 475 476 478 479 480 481 483 485 487 488 490 492 493 494 495
 496 497 498 499 500 501 502 503 504 505 506 507 508 509 510 512 513 514
 515 516 517 520 522 524 525 526 527 528 529 530 531 534 535 537 539 540
 541 542 543 544 545 546 549 550 552 553 554 555 556 557 558 559 561 562
 563 564 566 567 568 569 571 572 573 575 576 577 578 579 580 581]

ML CONS: [(120, 436), (86, 155), (141, 154), (159, 241), (86, 293), (331, 479), (114, 430), (4, 253), (81, 339), (137, 337)]
NL CONS: [(481, 158), (207, 79), (155, 63), (7, 0), (258, 96), (436, 135), (42, 15), (170, 71), (514, 183), (86, 30)]

Itteration no: 2

---------------------------------------------------------------------------------------

Test Data :  [  8  21  24  28  32  33  35  44  45  48  50  53  54  55  56  60  63  79
  83  84  94  97  99 103 108 109 113 114 116 118 130 134 136 137 154 156
 158 169 170 176 177 181 182 183 184 194 198 199 205 211 212 217 219 220
 222 227 231 234 248 251 266 271 275 278 287 296 299 303 309 310 317 320
 322 325 327 330 331 338 340 343 352 353 354 371 372 389 397 399 401 405
 415 432 433 445 460 463 472 480 481 495 507 509 512 522 537 544 557 561
 563 566 567 568 571 573 579 581]

Train Data: [  0   1   2   3   4   5   6   7   9  10  11  12  13  14  15  16  17  18
  19  20  22  23  25  26  27  29  30  31  34  36  37  38  39  40  41  42
  43  46  47  49  51  52  57  58  59  61  62  64  65  66  67  68  69  70
  71  72  73  74  75  76  77  78  80  81  82  85  86  87  88  89  90  91
  92  93  95  96  98 100 101 102 104 105 106 107 110 111 112 115 117 119
 120 121 122 123 124 125 126 127 128 129 131 132 133 135 138 139 140 141
 142 143 144 145 146 147 148 149 150 151 152 153 155 157 159 160 161 162
 163 164 165 166 167 168 171 172 173 174 175 178 179 180 185 186 187 188
 189 190 191 192 193 195 196 197 200 201 202 203 204 206 207 208 209 210
 213 214 215 216 218 221 223 224 225 226 228 229 230 232 233 235 236 237
 238 239 240 241 242 243 244 245 246 247 249 250 252 253 254 255 256 257
 258 259 260 261 262 263 264 265 267 268 269 270 272 273 274 276 277 279
 280 281 282 283 284 285 286 288 289 290 291 292 293 294 295 297 298 300
 301 302 304 305 306 307 308 311 312 313 314 315 316 318 319 321 323 324
 326 328 329 332 333 334 335 336 337 339 341 342 344 345 346 347 348 349
 350 351 355 356 357 358 359 360 361 362 363 364 365 366 367 368 369 370
 373 374 375 376 377 378 379 380 381 382 383 384 385 386 387 388 390 391
 392 393 394 395 396 398 400 402 403 404 406 407 408 409 410 411 412 413
 414 416 417 418 419 420 421 422 423 424 425 426 427 428 429 430 431 434
 435 436 437 438 439 440 441 442 443 444 446 447 448 449 450 451 452 453
 454 455 456 457 458 459 461 462 464 465 466 467 468 469 470 471 473 474
 475 476 477 478 479 482 483 484 485 486 487 488 489 490 491 492 493 494
 496 497 498 499 500 501 502 503 504 505 506 508 510 511 513 514 515 516
 517 518 519 520 521 523 524 525 526 527 528 529 530 531 532 533 534 535
 536 538 539 540 541 542 543 545 546 547 548 549 550 551 552 553 554 555
 556 558 559 560 562 564 565 569 570 572 574 575 576 577 578 580 582]

ML CONS: [(520, 575), (150, 533), (259, 459), (151, 232), (7, 104), (77, 254), (0, 351), (201, 349), (1, 336), (243, 416)]
NL CONS: [(520, 187), (437, 140), (427, 135), (469, 157), (206, 80), (172, 76), (516, 180), (426, 132), (144, 59), (494, 164)]

Itteration no: 3

---------------------------------------------------------------------------------------

Test Data :  [  2   7  10  15  20  22  25  26  30  36  37  43  52  57  64  71  72  75
  76  77  86  87  96 126 129 140 141 144 148 149 151 152 155 166 178 190
 193 196 200 202 203 209 210 215 235 240 243 252 253 254 259 262 263 264
 269 276 279 281 282 288 297 301 302 313 316 319 321 332 333 336 337 348
 356 357 359 367 369 377 380 381 384 387 390 391 393 398 416 418 431 452
 454 456 461 466 468 469 471 475 478 490 496 497 503 504 508 513 515 520
 528 534 542 545 546 549 556 562]

Train Data: [  0   1   3   4   5   6   8   9  11  12  13  14  16  17  18  19  21  23
  24  27  28  29  31  32  33  34  35  38  39  40  41  42  44  45  46  47
  48  49  50  51  53  54  55  56  58  59  60  61  62  63  65  66  67  68
  69  70  73  74  78  79  80  81  82  83  84  85  88  89  90  91  92  93
  94  95  97  98  99 100 101 102 103 104 105 106 107 108 109 110 111 112
 113 114 115 116 117 118 119 120 121 122 123 124 125 127 128 130 131 132
 133 134 135 136 137 138 139 142 143 145 146 147 150 153 154 156 157 158
 159 160 161 162 163 164 165 167 168 169 170 171 172 173 174 175 176 177
 179 180 181 182 183 184 185 186 187 188 189 191 192 194 195 197 198 199
 201 204 205 206 207 208 211 212 213 214 216 217 218 219 220 221 222 223
 224 225 226 227 228 229 230 231 232 233 234 236 237 238 239 241 242 244
 245 246 247 248 249 250 251 255 256 257 258 260 261 265 266 267 268 270
 271 272 273 274 275 277 278 280 283 284 285 286 287 289 290 291 292 293
 294 295 296 298 299 300 303 304 305 306 307 308 309 310 311 312 314 315
 317 318 320 322 323 324 325 326 327 328 329 330 331 334 335 338 339 340
 341 342 343 344 345 346 347 349 350 351 352 353 354 355 358 360 361 362
 363 364 365 366 368 370 371 372 373 374 375 376 378 379 382 383 385 386
 388 389 392 394 395 396 397 399 400 401 402 403 404 405 406 407 408 409
 410 411 412 413 414 415 417 419 420 421 422 423 424 425 426 427 428 429
 430 432 433 434 435 436 437 438 439 440 441 442 443 444 445 446 447 448
 449 450 451 453 455 457 458 459 460 462 463 464 465 467 470 472 473 474
 476 477 479 480 481 482 483 484 485 486 487 488 489 491 492 493 494 495
 498 499 500 501 502 505 506 507 509 510 511 512 514 516 517 518 519 521
 522 523 524 525 526 527 529 530 531 532 533 535 536 537 538 539 540 541
 543 544 547 548 550 551 552 553 554 555 557 558 559 560 561 563 564 565
 566 567 568 569 570 571 572 573 574 575 576 577 578 579 580 581 582]

ML CONS: [(50, 406), (139, 464), (13, 405), (41, 426), (89, 168), (194, 573), (6, 85), (95, 230), (112, 299), (205, 272)]
NL CONS: [(13, 0), (34, 6), (182, 83), (518, 173), (60, 18), (168, 70), (533, 185), (413, 122), (218, 88), (569, 194)]

Itteration no: 4

---------------------------------------------------------------------------------------
